6
50
100 460 78 465 146 637 394 705 274 429 352 626 293 698 16 36 479 518 231 293 343 514 381 538 339 745 33 172 46 123 60 515 360 673 424 509 347 427 163 542 372 828 489 808 374 571 279 359 39 205 234 363 340 697 40 353 412 774 434 508 316 370 3 372 266 481 81 491 492 948 46 227 473 697 158 314 339 614 196 681 52 84 454 590 382 473 475 481 341 719 409 463 141 145 132 221 262 632 74 515 
25
305
238
259
274
568
330
592
620
913
213
53
322
967
937
889
28
154
453
507
397
955
287
826
195
153

200
614 1031 713 805 508 1644 642 1380 875 1279 1200 2205 804 1150 1068 1420 1189 2289 836 1172 403 1471 1142 2009 278 870 1182 2427 554 891 982 1582 458 1218 217 1024 600 1588 1164 1276 1040 1287 666 1866 781 1141 369 661 1236 1259 185 1085 727 1405 359 784 926 1794 88 249 829 1201 556 612 1218 1278 302 1540 192 1116 987 1836 335 1201 160 382 347 1142 266 1126 784 1671 166 210 1242 2471 1170 2325 983 1095 816 1296 618 1455 1055 1917 1062 1413 270 697 1227 1970 556 1354 1205 2295 1176 1991 99 1101 556 1092 513 863 1081 1840 140 854 522 1091 268 1118 142 1109 264 744 660 732 666 1619 774 1176 1112 2082 67 223 188 1120 254 1466 100 563 1014 1105 996 2171 1215 1647 570 636 802 1721 1011 1388 224 448 796 1459 409 770 624 765 1145 1254 645 1224 687 939 1018 1474 608 1229 844 1853 1013 1629 1137 2283 52 298 213 1359 591 614 679 1226 980 1322 296 738 982 1480 751 1411 1031 1540 167 795 262 1099 844 1022 12 633 912 2053 1036 2255 666 1887 813 1858 605 797 556 1787 682 732 612 1125 487 1075 760 1902 503 1600 759 1714 130 780 1131 1592 420 582 754 1117 954 1684 108 1346 835 1908 716 1586 1186 1331 122 192 472 1598 532 794 570 1371 700 1186 594 1214 898 1601 211 962 775 1884 79 937 822 1547 346 800 248 700 936 978 129 1146 1129 1259 559 1129 32 589 372 1229 449 1400 163 1331 510 1422 842 1295 454 1307 201 1014 126 1281 602 858 775 1643 1000 1695 501 1725 1222 2212 971 1740 272 903 691 1731 1070 2072 1001 2176 610 1071 326 1041 261 316 540 1046 140 1373 857 1554 196 1232 612 788 877 1642 889 1518 1129 1634 906 1407 903 1556 345 1311 438 662 1122 1894 658 1563 645 873 1113 1133 866 1010 5 652 8 146 568 953 1039 1206 450 594 1198 2032 960 1030 539 1216 224 1094 142 1335 123 288 148 996 586 1152 457 1338 464 1191 920 1535 479 1210 1213 1864 1153 2272 745 1307 682 1486 
100
1362
1791
701
1319
191
275
500
2049
781
1550
784
328
921
2110
573
301
517
1432
1036
1700
843
489
2307
840
269
2422
1390
908
505
1183
1457
1881
527
2084
346
839
2118
768
39
944
1628
1632
1585
2295
2281
1317
376
1798
1439
1650
1007
265
149
2296
1116
268
2441
1999
1973
155
521
2150
1582
1388
1662
240
591
921
2208
2483
1019
993
279
806
615
1787
1686
2462
1185
2410
2065
1989
1336
2431
488
2460
404
575
2263
1831
2175
980
324
1251
47
1337
1352
1795
168
579

500
1 5000 5000 5000 798 1162 2151 3247 1709 4001 858 2473 275 845 978 3302 1744 2269 2130 3208 1705 2692 1726 1813 2159 2275 1696 2764 612 1816 1671 3321 1561 2474 650 2383 1443 2593 1108 1989 163 1741 537 1028 564 3061 946 2924 2043 3989 1219 3038 55 2116 1374 2536 2341 2613 68 650 1107 1392 975 3260 2392 3995 1131 1241 59 841 1545 2281 1573 2137 1938 3214 446 1553 1419 2269 2364 3777 2086 2995 791 1639 1009 1582 2328 4362 2002 2865 313 1349 1810 3966 475 2510 2044 2454 55 1179 1855 2351 1523 3078 624 805 1672 2795 1270 3723 1881 3166 570 1942 479 929 1467 2139 941 2707 532 2206 1212 1671 89 1893 124 1699 533 2427 1349 2344 633 3024 504 518 327 2298 1330 2900 2054 2857 259 1524 2489 4838 1497 2016 1771 4182 2480 4184 1397 1628 538 632 207 676 540 1450 1183 2860 2071 2855 840 979 2141 4513 1475 1572 1453 3356 487 1683 230 1237 554 2158 772 1052 1729 3919 2117 2818 633 2784 730 1017 2269 2284 1394 3710 2492 4795 1641 1656 1491 1913 1282 1793 796 1203 136 147 1614 2450 2386 4868 1677 2244 777 1274 2031 3404 2067 3138 1648 3605 265 1961 507 2013 728 1737 2353 3026 993 2192 1819 2245 595 1477 378 500 1123 1917 103 2262 2450 3617 870 2470 2475 2537 1774 2145 1643 4123 1850 2156 858 3139 408 1334 2052 2661 2387 2486 2433 3670 2428 4324 2236 4634 2321 3111 1254 2457 1085 2962 2115 4311 1473 2780 1794 4264 1005 2959 2269 2640 1059 1420 205 792 280 943 523 1568 664 731 2365 3021 1953 3545 1668 4149 1365 2874 1990 2726 477 1307 393 1672 2386 3377 630 2752 1825 3242 1785 4037 83 561 1802 2856 172 2400 1689 3073 1610 2634 1227 2980 590 1876 408 1885 2370 3099 1834 3048 786 2843 1440 2018 73 613 356 2217 1813 2996 1011 1630 2227 4493 1577 2947 840 2139 1882 3059 563 2086 293 2697 812 874 1124 1880 900 1914 538 1010 1809 2637 1951 2862 1626 4113 267 404 270 779 210 294 293 781 327 2585 811 1689 1185 1235 1541 2891 462 2223 1303 2711 640 1992 1772 2267 2114 3658 1813 3754 1920 4277 2193 4188 1443 3138 227 659 647 2734 2338 3719 2351 4362 257 2652 2231 2493 806 1998 1642 1833 582 769 984 3216 500 1776 367 1869 295 1172 1721 1961 1374 2659 1084 3450 1922 3980 2394 3911 1974 3918 2394 2942 2148 4568 832 1718 1472 2122 1758 3065 406 551 355 2159 1769 3459 732 3220 1299 1427 1007 2216 2425 4501 167 779 2443 3695 2103 2276 457 934 1691 3154 1761 2119 1292 1324 542 1993 193 2485 2298 4734 2138 4239 1947 4135 250 942 2084 4163 77 2335 634 2158 223 1841 1447 3313 2157 3276 828 3105 766 1728 654 931 2407 4545 351 1979 1679 3202 211 2277 465 914 715 2358 1675 1717 2026 3686 2317 2506 2005 2571 1884 2199 1673 3389 2290 4133 1945 2448 2279 3020 467 2416 2124 3254 1917 3041 1100 2680 1316 2125 2396 2982 1943 3893 1541 2881 106 1809 257 1558 911 2480 2219 4083 2306 4003 688 1493 1465 2321 86 1083 975 2545 264 754 1735 3338 2057 3700 1370 3544 1446 1885 652 1857 2355 4391 2220 2254 538 1932 1902 3535 515 1872 2130 3093 2363 4544 269 2764 240 1458 2451 4419 1251 2256 80 474 1881 3588 580 2077 1660 3512 1847 3256 1174 1288 1211 3707 2368 4652 1843 4338 152 1662 2212 3929 2013 3381 1235 1784 1108 1483 1322 2792 1385 1677 1410 2134 1024 2133 2211 2914 658 1899 834 1187 500 672 835 2944 822 2557 54 801 886 2148 1497 3327 2172 4629 2100 3852 1379 2017 269 975 1941 2358 112 1410 1195 1415 618 2539 1672 4066 2391 2444 687 839 1169 2905 2090 3146 2016 4304 870 1016 980 3263 942 3026 2125 2248 2387 4627 1824 3814 1200 2802 1470 1541 1309 3374 670 2392 986 1114 1332 2662 403 1425 1061 3536 110 2571 139 1901 27 2364 1737 2606 336 585 748 1175 830 1894 334 1498 1766 1883 1756 3919 1654 3762 782 1663 2195 2412 655 663 1786 3690 190 666 1307 2911 1008 2565 1814 4106 721 2791 561 569 799 2617 595 2631 2151 2481 259 1095 2054 3005 2350 3550 655 2789 56 1723 470 1340 78 381 2101 2281 1864 2472 428 2239 1741 2752 688 2135 1464 1749 781 2009 183 1368 1480 1489 1891 3369 64 2490 2190 3484 2217 2373 285 742 659 2619 714 1148 1637 2952 1743 2680 1085 1798 1378 3503 725 849 856 2061 29 1009 189 1539 2228 3401 1877 3460 562 2687 217 2515 63 1552 2186 3425 872 2714 1839 2938 443 1192 906 1861 2285 2498 2020 3007 505 2654 1370 1616 41 2279 1045 1925 2205 3491 2066 4358 268 923 2279 3490 1125 2404 1210 2591 1755 1792 1375 1890 922 3292 2010 4385 1682 3980 1339 2344 8 1226 530 1452 963 1618 1691 2398 1352 3212 1978 3717 962 2830 1137 1655 2408 4267 2126 3681 1015 3396 1480 1978 763 2377 175 218 1054 2799 240 590 60 1146 1860 4136 1429 3263 1488 2246 1055 2550 189 1171 44 1769 1134 1345 2416 3134 2042 2528 99 1752 1534 3301 1661 2590 569 1802 2104 3109 1210 3069 36 2067 2447 2943 770 2470 2039 4365 1666 1693 126 1069 770 2460 610 827 112 746 2150 4003 1745 2986 883 2282 1925 3292 1851 3155 563 1381 2213 4701 1030 3174 64 878 2354 4237 904 1747 1508 2780 2027 3143 1004 3081 1657 3526 2497 3265 
500
2642
2319
2516
3258
1813
1725
1927
3631
1358
3460
1685
2965
2486
92
3698
4880
4779
2055
988
4406
3539
4612
3902
4581
1190
4336
2054
4400
4300
3755
1270
2208
3157
2586
1216
3747
4023
3679
3562
459
3978
2457
1856
2925
4688
632
2113
1852
2216
729
1242
1043
1513
378
663
4996
2396
556
488
2975
2610
2426
2984
617
3980
4106
4792
456
3722
1046
1282
1617
2027
4087
3778
495
2123
608
4647
521
4826
1634
647
1374
3745
2273
384
3279
1232
1818
1923
65
2619
3639
2058
1661
4731
1041
1874
534
1192
3561
988
3631
3612
1115
1614
4902
4891
1143
391
3609
1903
4677
3207
723
1192
1452
1964
4091
4416
288
1233
3122
740
3654
3433
2711
414
4244
481
3696
271
362
4268
2863
4091
1135
2536
1527
2461
2226
997
4849
4489
4022
494
2519
2384
4928
3000
1876
4726
184
1703
1303
407
4306
864
3274
3888
552
3777
1467
4539
1070
1517
4398
1826
353
2707
1436
4356
4540
2774
4485
1405
3057
1288
2918
3767
4273
311
1774
4807
400
1337
1451
3418
232
4372
4284
3607
1112
4054
2298
2382
2104
3851
912
4133
1908
3309
3804
1524
2883
350
697
1854
2291
1177
2474
352
74
3974
621
1654
2859
3516
4098
433
2643
2592
3527
2901
3552
4348
2353
1814
3317
3899
3489
1178
1140
1001
1009
3321
4057
4928
2009
2794
3198
1237
490
560
2616
48
4861
377
1685
3258
1025
1246
3089
1449
1904
4942
1828
1935
821
1326
3241
3089
3501
995
1349
3019
4455
176
4186
313
1688
51
4464
1264
3159
2729
2903
1810
842
2698
4059
1073
1891
2599
2948
155
2179
1960
856
3515
3594
1034
1280
1056
1712
990
4732
1175
3482
3756
3083
2860
3004
686
4988
2494
2231
1761
2074
2920
4192
3790
1343
395
4189
624
3192
697
2740
1477
585
4980
4178
2159
813
1957
4389
3797
4627
3729
4455
1338
2624
2438
1063
863
3190
691
174
1892
4942
4501
354
2625
4199
1925
4154
419
4066
4247
3319
2347
385
3406
2571
1256
3020
4251
826
4748
4832
3461
2665
2268
4069
4610
103
1313
3234
4795
4366
4596
1382
4565
22
527
2966
4668
999
270
1382
4706
720
2268
4646
389
2713
1433
3251
1983
977
745
222
783
2933
1872
205
1533
470
1554
4564
402
1582
55
4552
533
2078
4187
4328
1034
4807
3396
3680
926
2451
100
2331
1254
1015
1559
532
4940
3568
3150
1201
3179
3022
2857
3325
3666
3353
1156
120
2860
2839
4024
3846
4505
624
530
953
1077
454
825
3171
662
3068
201
4092
1955
897
3804
1795
4903
257
3448
813
4557
753
3220
4784
2366
205
308
2331
2086
4775
2860
3740
1628
326
1040
2413
1600
729
4378
4028
3207
718
3717
645
1857
3676
3646
2486
4828
2161
3331
3103
1057
3113
1652
395
1124
3556
2837
2096
4698
2050

150
735 735 1227 1227 1219 1219 343 882 330 672 143 1041 1010 2054 251 298 1096 1244 485 1416 629 1099 854 1641 361 1392 86 909 336 1035 1179 2306 393 770 297 1432 381 1358 1037 1262 849 1200 37 996 1152 1311 577 834 338 967 1163 1522 399 1084 64 249 579 1319 481 918 607 694 897 1581 96 1247 752 1420 214 215 330 591 287 447 12 489 814 854 388 1355 347 1097 625 1065 625 1407 703 751 568 1572 943 2014 457 488 938 1089 1027 2106 220 688 1013 2159 938 2132 920 1430 428 491 562 1302 84 484 993 2011 239 438 1114 1301 545 567 28 958 465 1080 851 1644 319 957 1062 2295 726 755 527 1232 921 1403 74 173 822 1594 1051 1411 610 1049 149 251 1050 2065 1002 1127 70 603 419 609 298 554 50 140 1001 2030 574 1704 148 1290 1027 1620 212 945 879 1775 533 1499 795 1754 798 1640 381 1421 139 1250 532 1380 21 1130 1153 2332 816 1773 949 1441 518 1269 1242 1395 647 1240 506 939 339 1099 209 1450 52 442 1088 2228 360 1049 1120 1144 1211 1486 201 608 744 1007 388 957 748 1896 1166 1572 108 463 626 936 366 737 1180 2176 882 1246 1091 2105 84 437 506 987 248 1016 410 534 838 1621 926 1214 349 849 311 956 983 1125 1032 1937 1139 1358 674 1435 334 835 900 2117 561 1372 203 701 1131 2186 1064 1190 419 1413 61 693 493 1337 513 813 786 1788 897 1645 624 1489 56 144 577 956 740 964 476 995 830 1426 896 1923 285 1326 588 1804 
80
735
607
1078
305
1272
1209
1956
990
62
1600
2296
1487
259
2192
1322
850
2076
568
1708
1305
1292
1630
671
394
868
1327
808
1590
334
1992
1978
656
1557
806
597
633
2490
888
2078
1469
160
779
1785
1459
2402
1986
893
1869
1033
143
310
2331
1162
511
637
1759
19
1806
1049
2443
113
2114
1041
2324
1093
2031
2152
1270
1364
55
220
2276
1125
957
1316
2366
2463
933
305
1219

200
1000 1665 1050 2082 1212 1849 1262 2174 87 1138 137 1819 1205 2268 1255 2384 695 967 745 1733 889 1383 939 1941 1240 1697 1290 2098 636 1874 686 2187 265 659 315 1579 277 1156 327 1828 964 1611 1014 2055 225 1381 275 1940 793 1454 843 1977 852 1762 902 2131 486 1732 536 2116 259 1021 309 1760 724 1547 774 2023 695 1409 745 1954 35 143 85 1321 994 1583 1044 2041 94 1339 144 1919 1176 2219 1226 2359 164 298 214 1399 298 667 348 1583 1097 1690 1147 2095 339 1040 389 1770 183 337 233 1418 1130 1485 1180 1992 117 430 167 1465 212 246 262 1373 75 866 125 1683 693 1145 743 1822 680 1385 730 1942 469 1455 519 1977 404 1384 454 1942 1245 2081 1295 2290 683 962 733 1731 1049 1370 1099 1935 488 1594 538 2047 826 980 876 1740 267 1176 317 1838 317 405 367 1452 634 1485 684 1992 355 961 405 1730 1034 1101 1084 1800 612 1751 662 2125 805 821 855 1660 78 591 128 1545 977 1771 1027 2135 367 1047 417 1773 1240 1985 1290 2242 362 1305 412 1902 447 672 497 1586 896 1274 946 1887 1187 1503 1237 2001 347 1457 397 1978 96 134 146 1317 1120 1853 1170 2176 73 267 123 1383 19 1192 69 1846 47 883 97 1691 623 975 673 1737 53 118 103 1309 169 1204 219 1852 1135 1865 1185 2182 1161 2096 1211 2298 170 539 220 1519 363 807 413 1653 726 1637 776 2068 36 1166 86 1833 1237 1351 1287 1925 761 1878 811 2189 845 883 895 1691 217 600 267 1550 572 777 622 1638 1239 2432 1289 2466 491 539 541 1519 202 955 252 1727 213 270 263 1385 228 790 278 1645 525 1622 575 2061 612 1610 662 2055 447 1284 497 1892 1209 1545 1259 2022 55 342 105 1421 532 940 582 1720 771 871 821 1685 76 940 126 1720 335 969 385 1734 72 231 122 1365 403 1482 453 1991 909 1549 959 2024 553 1327 603 1913 1015 1750 1065 2125 110 172 160 1336 405 1266 455 1883 705 1533 755 2016 1171 2155 1221 2327 616 1332 666 1916 84 489 134 1494 
150
2373
1950
2237
450
989
1262
578
1219
1461
685
1234
2464
1466
237
797
943
1745
1035
975
494
293
1230
900
261
611
898
2090
1963
632
388
2416
1838
1301
587
65
992
1161
56
1469
1862
683
2091
860
1007
742
1165
841
2018
768
715
1051
1263
138
1256
746
940
1291
687
316
328
1015
276
844
903
537
310
775
746
86
1045
145
1227
215
349
1148
390
234
1181
168
263
126
744
731
520
455
1296
734
1100
539
877
318
368
685
406
1085
663
856
129
1028
418
1291
413
498
947
1238
398
147
1171
124
70
98
674
104
220
1186
1212
221
414
777
87
1288
812
896
268
623
1290
542
253
264
279
576
663
498
1260
106
583
822
127
386
123
454
960
604
1066
161
456
756
1222
667
135

150
986 1649 54 986 1167 1555 1152 1973 1166 1850 846 1261 955 1601 681 843 664 1137 961 1195 528 878 575 807 1143 2333 63 496 531 733 1246 1305 1051 1408 1036 1109 744 854 193 1288 260 1410 515 589 124 168 1247 1818 432 1350 562 966 964 1918 373 1350 747 1396 415 543 602 893 527 760 979 1243 12 1087 622 1595 496 1336 172 1118 1099 1184 775 991 808 1400 956 1590 269 273 638 1284 94 259 539 755 170 1376 348 829 821 928 153 508 1097 1187 685 1606 1114 1580 881 1654 674 1486 480 1398 58 304 138 720 1155 1991 808 1058 135 564 1181 1397 63 633 1123 2227 62 544 672 1489 1169 1487 4 518 1001 1863 94 792 327 1400 678 1337 387 611 104 1211 986 1956 590 648 1005 1256 191 510 1135 1158 940 2023 426 906 787 1695 1199 1271 25 763 476 1531 10 1181 1149 1248 449 897 783 1320 933 1375 399 1367 912 1174 152 314 213 577 37 880 694 1487 1063 2075 51 1211 947 955 902 1308 1117 2206 1059 2008 481 1729 1083 1622 804 1334 990 1889 783 1420 1095 2018 172 253 665 1621 330 771 149 1261 617 1178 908 1532 595 1366 324 470 1098 1353 807 1572 1038 1824 52 687 1112 1373 773 1674 467 1270 881 1185 1195 2346 577 1196 392 647 439 539 1230 1326 786 854 172 1414 1201 2191 1217 2286 443 1071 841 1646 1088 1399 893 1642 457 500 847 1766 718 1056 93 256 259 583 326 1381 1235 2302 982 1584 956 2092 655 876 1018 1605 658 819 80 479 1129 1470 
80
986
1553
1916
136
195
535
393
1556
1691
1353
473
420
2024
1410
1547
1633
614
1416
1921
1260
787
563
532
220
146
905
1925
1045
2422
724
350
717
1879
16
1641
1931
1326
221
1332
353
89
533
2499
1776
2108
348
1611
1922
576
14
1951
1410
1262
158
281
715
1253
1436
1370
2092
1329
1179
2495
2058
1063
2265
57
145
1723
505
236
693
2420
260
1044
847
2472
1246
2445
603

