6
10
43 74 18 22 34 56 37 66 14 14 23 45 46 58 8 49 39 43 17 23 
5
94
76
59
56
69

25
72 145 33 139 106 145 119 205 53 112 93 155 36 123 73 183 53 95 106 196 79 141 108 124 48 87 112 182 80 194 53 53 45 95 9 9 75 137 73 126 13 129 108 212 103 173 40 60 39 76 
25
8
222
96
47
4
161
137
76
21
86
186
209
156
243
24
50
205
168
245
240
72
23
143
20
103

50
1 500 500 500 70 215 129 333 242 266 191 279 25 55 29 122 97 333 91 180 232 334 170 238 79 243 39 259 239 264 8 72 38 225 74 200 153 356 186 321 50 287 145 257 66 72 173 237 237 272 54 263 10 213 104 259 116 307 176 290 49 166 123 233 26 82 25 43 162 166 97 227 235 403 77 81 127 276 19 175 159 301 10 147 130 339 194 354 179 276 44 81 134 320 191 429 98 171 147 171 
50
207
96
206
239
426
337
331
52
30
445
468
107
88
288
296
306
176
319
12
290
241
476
337
68
475
236
37
91
87
230
189
69
346
346
158
65
34
268
405
338
202
118
122
465
169
94
408
300
223
77

15
116 116 123 123 48 48 169 200 193 379 153 266 17 39 146 218 80 142 175 281 130 260 167 219 180 225 172 221 180 319 
8
116
216
11
276
185
255
272
48

20
70 95 120 247 71 107 121 253 1 66 51 233 76 219 126 309 106 121 156 260 128 299 178 349 70 249 120 324 183 188 233 294 3 12 53 206 161 182 211 291 
15
335
313
129
83
40
121
122
52
127
157
179
121
234
54
212

15
201 395 16 201 106 209 2 80 199 275 166 339 48 168 52 224 34 49 184 216 156 249 198 225 37 177 190 386 34 226 
8
201
358
358
317
40
377
176
281

